Dark

Init Break            ID       Wand Id                            Break            Action
0101 0101010101010111 11110101 1111110111011101110111010101110111 0101010101010111 01010101 01010101 11011101110111110
0101 0101010101010111 11110101 1111110111011101110111010101110111 0101010101010111 01010101 01010111 01011101110111011
0101 0101010101010111 11110101 1111110111011101110111010101110111 0101010101010111 11010101 01010111 01011101110111010
0101 0101010101010111 11110101 1111110111011101110111010101110111 0101010101010111 01010101 01010101 11011101110111110
0101 0101010101010111 11110101 1111110111011101110111010101110111 0101010101010111 01010101 01011101 01011101110101111
0101 0101010101010111 11110101 1111110111011101110111010101110111 0101010101010111 01010101 01011101 01011101110101111
0101 0101010101010111 11110101 1111110111011101110111010101110111 0101010101010111 11010101 01010111 01011101110111010
0101 0101010101010111 11110101 1111110111011101110111010101110111 0101010101010111 01010101 01010111 01011101110111011
0101 0101010101010111 11110101 1111110111011101110111010101110111 0101010101010111 11010101 01010111 11011101110101111
0101 0101010101010111 11110101 1111110111011101110111010101110111 0101010101010111 11010101 01010111 11011101110101111
0101 0101010101010111 11110101 1111110111011101110111010101110111 0101010101010111 01010101 01010111 01011101110111011
0101 0101010101010111 11110101 1111110111011101110111010101110111 0101010101010111 11010101 01010111 01011101110111010
0101 0101010101010111 11110101 1111110111011101110111010101110111 0101010101010111 11010101 01010111 01011101110111010
0101 0101010101010111 11110101 1111110111011101110111010101110111 0101010101010111 01010101 01011101 01011101110101111
0101 0101010101010111 11110101 1111110111011101110111010101110111 0101010101010111 01010101 01010111 01011101110111011
0101 0101010101010111 11110101 1111110111011101110111010101110111 0101010101010111 01010101 01011101 01011101110101111
0101 0101010101010111 11110101 1111110111011101110111010101110111 0101010101010111 01010101 01010111 01011101110111011

White
0101 0101010101010111 11110101 0111110111111111111111110111011111 0101010101010111 01010101 01010111 01111111110111110
0101 0101010101010111 11110101 0111110111111111111111110111011111 0101010101010111 01010101 01010111 01111111110111110
0101 0101010101010111 11110101 0111110111111111111111110111011111 0101010101010111 01010101 01010111 11111111110111011
0101 0101010101010111 11110101 0111110111111111111111110111011111 0101010101010111 01010101 01010111 11111111110111011
0101 0101010101010111 11110101 0111110111111111111111110111011111 0101010101010111 11010101 01010111 01111111110111011
0101 0101010101010111 11110101 0111110111111111111111110111011111 0101010101010111 11010101 01010111 01111111110111011
0101 0101010101010111 11110101 0111110111111111111111110111011111 0101010101010111 11010101 01010111 01111111110111011
0101 0101010101010111 11110101 0111110111111111111111110111011111 0101010101010111 11010101 01010111 01111111110111011
0101 0101010101010111 11110101 0111110111111111111111110111011111 0101010101010111 11010101 01010111 01111111110111011
0101 0101010101010111 11110101 0111110111111111111111110111011111 0101010101010111 11010101 01010111 01111111110111011
0101 0101010101010111 11110101 0111110111111111111111110111011111 0101010101010111 11010101 01010111 01111111110111011
0101 0101010101010111 11110101 0111110111111111111111110111011111 0101010101010111 11010101 01010111 01111111110111011
0101 0101010101010111 11110101 0111110111111111111111110111011111 0101010101010111 11010101 01010111 01111111110111011
0101 0101010101010111 11110101 0111110111111111111111110111011111 0101010101010111 11010101 01010111 01111111110111011

White - reset
0101 0101010101010111 11110101 0111110111111111111111110111011111 0101010101010111 01010101 01010101 11111111110111111
0101 0101010101010111 11110101 0111110111111111111111110111011111 0101010101010111 01010101 01010101 11111111110111111 
0101 0101010101010111 11110101 0111110111111111111111110111011111 0101010101010111 11010101 01010111 01111111110111011
0101 0101010101010111 11110101 0111110111111111111111110111011111 0101010101010111 11010101 01010111 01111111110111011
0101 0101010101010111 11110101 0111110111111111111111110111011111 0101010101010111 01010101 01010111 11111111110111011
0101 0101010101010111 11110101 0111110111111111111111110111011111 0101010101010111 01010101 01010111 11111111110111011

010101010101010101111111010101111101111111111111111101110111110101010101010111010101010101110101111111110111010
010101010101010101111111010101111101111111111111111101110111110101010101010111010101010101110101111111110111010

010101010101010101111111010101111101111111111111111101110111110101010101010111010101010101010111111111110111111
010101010101010101111111010101111101111111111111111101110111110101010101010111010101010101010111111111110111111




